18465.719824
47.088648
11277.229863
1698.149020
9.962152
169.814902
513.304136
666.280125
4698.212290
4754.817257
40104.110223
40104.110223
2208.609316
19320.977113
3453.808688
279.300826
1536.968774
51.936516
40104.110223
11512.593079
1188.704314
4677.628665
0.520897
3453.808688
59.770915
3961.633504
2037.778825
11088.165065
47.268066
59.912170
40104.110223
5377.471898
25.034138
163.271492
3735.927845
1294.838628
680.763880
6.899470
4924.632159
19320.977113
396.234771
90.631105
7440.676381
5689.661541
13774.948520
315.370532
1825.655338
3420.557313
187.037891
1082.692699
4309.053139
3102.981392
3083.622983
3056.668237
738.501279
5377.471898
4845.540287
4366.668910
5179.354512
696.241098
11277.229863
642.870701
1283.045927
151.719233
14.924328
2318.342576
151.719233
1146.250589
4582.218504
849.074510
674.274826
902.141667
1618.902066
143.381450
19320.977113
3790.585016
4418.005958
3311.390590
2886.853335
9679.449417
1143.651381
2292.501178
151.719233
3885.807092
10.398891
4115.708717
237.740863
2207.593727
7309.410288
1613.241569
80.014479
5689.661541
62.563385
84.907451
1747.016618
12.439059
19320.977113
2886.853335
2643.358436
139.847566
11784.426762
46.313155
16139.107311
905.679478
5187.439514
1897.075049
19320.977113
151.719233
567.666958
476.070679
5001.343910
5880.557026
5187.439514
117.564163
1825.655338
10528.523927
679.259608
11512.593079
151.956687
4075.557649
704.417371
40104.110223
2346.126936
2043.109337
5187.439514
813.324005
680.763880
42.453726
148.588039
3735.927845
5187.439514
25.253824
39.377369
983.013025
849.074510
970.370869
2783.234470
396.234771
679.259608
9.962152
176.417495
2150.988759
6962.410984
2735.746257
4245.372551
960.794841
5094.447061
5689.661541
962.284445
4151.140004
453.767689
931.804847
259.716909
679.259608
4845.540287
1647.204550
4876.714093
4520.961427
18465.719824
187.690155
4115.708717
10019.079221
2394.390119
424.537255
84.938270
905.679478
11512.593079
2.545040
11277.229863
18465.719824
1935.889883
957.138539
5434.076866
2171.204819
5187.439514
5094.447061
5099.019001
402.687151
2701.600714
7558.808098
4551.039375
4793.743428
1.915206
1231.158040
62.995851
3020.246258
931.804847
947.189787
40104.110223
11277.229863
680.763880
83.599266
2108.991525
123.571918
19320.977113
5971.824055
226.419869
2268.620957
1105.656170
1239.019841
2208.609316
416.818396
1698.149020
1698.149020
4284.560605
19320.977113
11512.593079
40104.110223
40104.110223
20.304408
339.629804
3961.633504
19320.977113
520.026644
3226.483139
90.810836
1869.805385
46.845490
1022.663077
11.684512
40104.110223
424.537255
42.940977
19320.977113
7440.676381
11.961667
7.603652
785.393922
1188.704314
1273.611765
1405.373589
679.259608
3093.796927
5001.343910
540.802807
18465.719824
420.324290
11277.229863
5052.716336
2122.686276
5230.933129
1248.004756
20.627146
435.150686
18.985517
5207.656996
19320.977113
2886.853335
680.763880
5901.067846
3410.375960
1430.184221
2474.445716
40104.110223
48.518543
339.629804
40104.110223
5434.076866
5689.661541
3790.585016
3221.176423
1.643725
2906.447362
1004.738170
13774.948520
2643.358436
11512.593079
1924.568890
3056.668237
371.836079
857.814983
3396.298041
2717.038433
5187.439514
11277.229863
3790.585016
120.352038
1301.914249
40104.110223
4520.961427
371.836079
1926.058494
4876.714093
11857.605132
5099.019001
424.537255
509.444706
40104.110223
2207.593727
2174.373106
0.947694
888.022882
5361.299050
985.345728
339.629804
491.569453
0.705602
19320.977113
209.771350
339.629804
173.280512
19.844080
5187.439514
1600.505452
10255.393367
5689.661541
18465.719824
1726.451504
33.713424
40104.110223
4520.961427
3172.806892
424.537255
1869.805385
7558.808098
2377.408629
7558.808098
207.251369
19320.977113
5230.933129
1869.805385
163.271492
618.300413
169.814902
113.209935
19320.977113
2.782134
849.074510
5187.439514
1269.752336
3651.020394
4160.465100
159.224295
5187.439514
2080.232550
11.099456
1188.704314
1786.078995
2547.223531
2143.913138
4222.730564
1358.519216
19320.977113
77.184724
40104.110223
2.300998
2059.005687
15.093613
243.043633
3158.557178
7558.808098
543.407687
2767.982903
53.920729
4477.568438
1649.242329
3973.668708
4500.094904
4500.094904
4415.187453
19320.977113
5052.716336
53.159448
3.613889
1698.149020
755.676314
1834.000942
1834.000942
19320.977113
3990.650198
5689.661541
1649.242329
2717.038433
574.136097
11784.426762
40104.110223
2174.373106
424.537255
3056.668237
1766.074981
11512.593079
2297.495734
731.336178
348.313521
1105.656170
6113.336474
19320.977113
40104.110223
525.464980
3544.886080
1746.667564
1018.889412
3345.982514
1867.963923
2405.711112
3717.469704
16139.107311
6.983103
4582.218504
148.389657
1695.736877
50.683952
1188.704314
187.381961
4115.708717
5187.439514
5094.447061
11512.593079
6792.596082
679.259608
1957.588454
13.663268
361.993272
2.936095
6792.596082
84.907451
2598.906327
488.217843
650.957125
18465.719824
849.074510
40104.110223
669.402844
3410.375960
5880.557026
849.074510
108.852499
1786.078995
16139.107311
151.719233
1259.460524
1433.992506
5187.439514
5943.521572
5689.661541
14.932000
5245.393641
40104.110223
6145.176768
1231.392591
3790.585016
10.342845
3905.742747
3849.137780
339.629804
1528.334118
5187.439514
2811.125068
6.643776
1252.047968
10255.393367
509.444706
2336.976509
5627.247399
339.629804
4115.708717
29.936974
19320.977113
5001.343910
40104.110223
5689.661541
1761.829609
339.629804
2458.919782
3121.981661
3885.807092
2735.746257
40104.110223
91.791839
4075.557649
40104.110223
339.629804
323.704730
164.783349
19320.977113
5230.933129
2811.125068
1795.186107
97.422861
892.039726
11857.605132
2971.760786
40104.110223
1705.242026
2037.778825
4418.005958
7.771129
4793.743428
640.071554
7440.676381
39.457916
7641.670592
7440.676381
2183.334455
680.763880
28.302484
18465.719824
19320.977113
152.357189
3172.806892
509.444706
2490.618563
1405.373589
241.986235
11784.426762
4924.632159
5349.169414
393.924365
148.136404
7160.528370
2692.779161
509.444706
13774.948520
1339.650894
3011.384263
2.181021
40104.110223
39.457916
640.071554
401.380678
36.996843
1375.746815
2400.050616
1825.655338
42.453726
684.613168
1528.334118
2207.593727
68.165137
1762.561570
7309.410288
339.629804
672.328388
2773.643400
3198.180655
169.814902
40104.110223
19.844080
4075.557649
216.737441
1825.655338
42.453726
2377.408629
824.815239
2339.671984
6198.243925
5264.261963
150.398516
3410.375960
2618.308839
1188.704314
19320.977113
1405.373589
3093.796927
2462.316080
19320.977113
143.360528
2830.248367
3410.375960
3410.375960
2717.038433
831.507451
2292.501178
0.947264
3020.246258
509.444706
594.626939
169.814902
6962.410984
1046.677305
0.383879
40104.110223
5613.815280
7440.676381
1231.158040
13774.948520
11784.426762
436.666891
1441.249553
11088.165065
151.719233
169.814902
3020.246258
176.417495
7558.808098
4449.150434
0.325408
257.346611
6792.596082
2511.978928
5187.439514
3093.796927
1430.184221
727.778152
6452.966278
680.763880
19320.977113
2008.563358
8660.560004
3885.807092
339.629804
127.361177
1188.704314
261.376542
18465.719824
1318.130807
680.763880
5230.933129
3022.705256
40104.110223
3790.585016
27.990903
50.683952
4151.140004
1405.373589
32.608559
2801.945884
5434.076866
1428.567863
5264.261963
5627.247399
2959.631150
13774.948520
5613.815280
38.539552
66.449309
52.796914
2783.234470
3566.112943
3790.585016
40104.110223
1.483100
202.682302
152.357189
2207.593727
11784.426762
2643.358436
16139.107311
0.322508
371.816942
40104.110223
651.344830
1231.392591
