3453.893294
69.570313
4792.768904
10512.839991
4367.340015
3624.441793
13106.519782
5043.266872
2706.143200
3624.441793
15842.326236
1382.224431
7780.161699
496.126253
750.676710
113.456314
17.127489
3475.236823
1769.873449
6368.211200
1517.080279
10512.839991
75.170644
4612.744091
13106.519782
2317.637493
4116.126329
0.289727
690.720458
24491.973508
309.601129
14449.333975
7928.786454
5240.877105
28.188992
24491.973508
1353.071600
1860.473450
84.566975
676.535800
7928.786454
1008.500571
4169.264623
8.691144
522.777664
2510.318224
3517.986160
3.075163
107.923568
155.323012
676.535800
2875.277150
3720.946900
7284.222593
841.262738
2174.579357
1353.071600
6088.822199
1932.959428
1894.300240
9182.146354
613.682418
3977.210460
555.725836
28.267513
7441.893799
184.509764
15842.326236
180.604795
8632.596807
370.133717
1860.473450
4735.750600
124.096197
11101.611198
15.861696
2781.313844
587.517932
42.771301
4792.768904
7284.222593
970.453020
142.804390
7095.375463
18.639002
90.487694
139.885222
4059.214800
896.729056
696.974948
560.256209
96.647971
628.211814
1578.583533
19724.208174
4059.214800
2.634973
2255.119333
425.145448
11.531860
2.149662
24491.973508
1414.887054
4059.214800
7928.786454
1.600849
3475.236823
7928.786454
6135.081058
0.222740
15842.326236
88.243800
3624.441793
753.724448
352.074753
2029.607400
463.552307
2480.631266
24491.973508
2367.875300
137.268309
2029.607400
271.647199
4169.264623
8.691144
2654.430981
1691.339500
3187.641652
112.755967
1240.630220
15842.326236
2574.058521
1775.906475
1812.605351
3470.922800
690.720458
1353.071600
96.647971
820.479587
2762.521183
1804.095467
1864.598668
2029.607400
2.648047
5412.286400
2781.313844
356.071474
1931.687745
1534.241299
143.413119
5822.566514
195.863701
3382.679000
1993.037897
111.353197
7928.786454
24491.973508
2706.143200
3624.441793
1189.767181
451.023867
2104.778044
9182.146354
980.562134
514.167208
2931.655133
5822.566514
7928.786454
966.479714
3550.407161
6135.081058
690.720458
3382.679000
11101.611198
14449.333975
30.885330
676.535800
2028.105656
2715.285575
676.535800
3694.926292
17.961127
24491.973508
922.548818
270.614320
4367.340015
91.436770
1816.629133
4169.264623
13106.519782
5240.877105
1217.764440
1240.630220
5863.310266
985.081416
1353.071600
1556.032340
1534.241299
169.133950
1189.767181
28.967243
2097.260980
8632.596807
5822.566514
1449.719571
175.398170
10.782833
2966.349277
1578.583533
1053.423006
2654.430981
1508.342111
42.182088
1353.071600
811.842960
45.102387
433.336656
1353.071600
1993.037897
45.869768
2029.607400
2968.639090
4631.131661
1082.457280
1564.489037
4.011648
53.111801
6368.211200
156.342307
1931.687745
916.361965
676.535800
6135.081058
5412.286400
609.717449
39.796224
761.102775
2968.639090
6256.145914
1534.241299
609.491712
9.739509
3650.555892
1864.598668
137.268309
3550.407161
4169.264623
0.325988
49.502620
2217.534011
4961.262533
676.535800
195.863701
3.146059
2574.058521
218.879229
13106.519782
1189.767181
2707.223928
8638.462582
8638.462582
5240.877105
5186.774466
2078.810003
405.921480
1353.071600
451.023867
2745.652180
225.511933
1961.953820
9996.621844
3890.080850
3977.210460
354.447377
4163.297230
980.562134
913.323330
4792.768904
52.041215
15842.326236
18.792661
14327.910119
1353.071600
3382.679000
121.745622
507.401850
1735.461400
52.179062
1691.339500
1331.247864
22.628556
1931.687745
676.535800
0.032329
1069.982152
4099.011023
1353.071600
1220.911118
213.642884
225.511933
19724.208174
16.067725
604.049821
3382.679000
3550.407161
2959.844125
1827.344119
57.963690
7095.375463
278.573565
1075.518451
75.892138
25.356005
1268.504625
24491.973508
2707.223928
3187.641652
1691.339500
2654.430981
9.193984
2029.607400
710.362590
10512.839991
1217.764440
930.236725
617.732425
4059.214800
1825.750586
0.184400
1045.555327
2615.938426
462.892916
3382.679000
1691.339500
902.047733
111.353197
24491.973508
8169.011715
210.477804
24491.973508
19724.208174
34.785611
43.030829
1769.873449
1894.300240
8638.462582
2283.308325
1864.598668
2510.318224
676.535800
2706.143200
4329.829120
91.436770
4059.214800
3362.780888
86.660035
826.509814
666.438251
1353.071600
54.735906
1353.071600
1428.242244
1561.236461
23.732750
896.729056
13106.519782
304.684468
2029.607400
2781.313844
2707.223928
4735.750600
507.401850
10107.611310
2706.143200
1353.071600
19724.208174
4735.750600
203.174608
4536.769482
4116.126329
1816.629133
3624.441793
5822.566514
1168.561836
3382.679000
135.458510
6088.822199
1353.071600
554.451522
13106.519782
3650.555892
8638.462582
1522.205550
826.509814
1493.044524
841.262738
9996.621844
42.771301
4961.262533
221.815016
296.634928
3550.407161
3774.357621
676.535800
3382.679000
1804.095467
3624.441793
176.752596
2773.796780
24491.973508
15842.326236
2029.607400
144.971957
916.361965
2480.631266
5240.877105
13106.519782
62.725174
676.535800
605.007786
5240.877105
9.963351
24491.973508
0.623286
2884.178937
51.257865
212.648564
676.535800
16044.629716
35.874335
9182.146354
9182.146354
2574.058521
5240.877105
82.605667
2.648047
1578.583533
1382.224431
14449.333975
3550.407161
271.567187
282.914971
1353.071600
6088.822199
2745.652180
2706.143200
1103.821568
4735.750600
212.648564
14327.910119
84.566975
4536.769482
3382.679000
575.247057
2886.552746
2706.143200
21.107793
1711.237612
1324.882608
25.142912
0.632868
13106.519782
51.257865
9996.621844
3977.210460
5412.286400
2152.613909
2029.607400
2028.105656
1860.473450
14449.333975
231.149732
17.552623
7284.222593
117.803464
1602.963202
1014.803700
24491.973508
5.048775
462.892916
2654.430981
3.571266
1201.434265
8638.462582
32.215990
1425.043493
613.682418
14.698672
2300.221720
2029.607400
2706.143200
8638.462582
3420.264322
0.188188
2142.363366
1189.767181
15842.326236
4059.214800
5590.322136
4792.768904
193.295943
4631.131661
865.336488
2104.778044
2654.430981
2121.031157
2317.637493
3833.702866
7284.222593
6765.357999
8169.011715
13106.519782
3179.718260
13106.519782
34.785611
3694.926292
13106.519782
16.704588
2706.143200
1488.378760
2931.655133
1296.693617
19724.208174
1353.071600
1916.851433
3044.411100
1691.339500
10107.611310
507.401850
16044.629716
7.085862
7928.786454
9996.621844
5277.400757
1945.040425
66.461335
9.684828
2875.277150
24491.973508
2574.058521
997.000126
6.843627
2510.318224
9471.501199
0.325988
5277.400757
1663.150508
4542.454657
5240.877105
970.453020
24491.973508
499.191464
1591.848941
1353.071600
1634.961517
279.900105
96.740105
451.023867
1395.355087
1301.030385
259.216162
14449.333975
273.934741
5822.566514
187.233155
34.550274
475.335562
690.720458
225.511933
24491.973508
1141.654162
3382.679000
32.215990
1691.339500
2745.652180
8169.011715
676.535800
676.535800
71.638545
2144.618486
10512.839991
2064.007525
15842.326236
1769.873449
227.439386
392.021846
3044.411100
2317.637493
146.768246
939.633055
9182.146354
1508.342111
4059.214800
14327.910119
5277.400757
11101.611198
6212.277637
77.181504
9996.621844
0.238496
24491.973508
24491.973508
1014.803700
3624.441793
457.529019
1127.559667
3550.407161
354.447377
295.984412
24491.973508
6256.145914
3977.210460
247.917986
247.917986
4163.297230
1032.607274
2029.607400
1879.266111
1269.203526
1287.863330
3977.210460
1.861693
6212.277637
25.356005
12.542771
9182.146354
2255.119333
3340.395512
940.121177
67.653580
2931.655133
8638.462582
538.868631
3624.441793
14.773600
1353.071600
24491.973508
19724.208174
14327.910119
3247.371840
